Fold - 1
[[412   0   0   2   0   0   6   4   1   0]
 [  0 452   2   0   0   0   3   1   2   0]
 [ 23  59 332   2   5   0  15  14   4   0]
 [ 20  31  11 304   0   2   5   8   4   1]
 [  7  19   1   1 356   0  17   6   0   2]
 [129  71   6  66   6  74  14  21   8   3]
 [ 29  15   1   1   4   0 383   2   1   0]
 [ 10  26   5   0   2   0   3 380   0   1]
 [ 23  69   9  33  11   2   7  10 236   4]
 [ 18  33   4   9  41   1   6 146   0 143]]
Fold - 2
[[388   1   3   1   0   0  12   2   1   0]
 [  1 460   1   3   0   0   1   0   0   0]
 [ 20  41 316   7   7   0  16  18   2   2]
 [ 24  25  10 366   1   2   9  14   2   4]
 [  7  20   2   3 342   0  21   5   2   4]
 [100  52   1  67   5  93  21  13   3   3]
 [ 19  18   1   0   1   1 362   1   0   0]
 [  7  35   6   3   3   0   1 388   0   1]
 [ 16  69   5  45   6   6  10   5 229   0]
 [ 14  32   1  13  42   2   4 145   2 183]]
Fold - 3
[[388   0   2   5   0   0   5   0   1   0]
 [  0 486   2   0   0   0   3   0   0   0]
 [ 17  34 306   9   8   0  21  11   3   0]
 [ 16  24  11 356   1   1  11   6   4   0]
 [  6  21   4   6 322   0  31   8   1   5]
 [ 87  51   5  96   5 105  31  13   8   1]
 [ 22  13   1   1   0   3 392   1   0   0]
 [  8  42   9   1   1   0   0 364   0   2]
 [ 24  47   7  42   4   2  16  13 249   4]
 [ 21  32   4  10  25   0   8  91   3 201]]
Fold - 4
[[344   0   3   5   0   0  10   3   3   0]
 [  0 487   1   0   0   0   2   0   0   1]
 [ 13  40 314   2   2   0  10  16   1   1]
 [ 16  25  16 361   1   0   6  10   6   2]
 [  5  34   5   0 352   0  26  15   4   4]
 [100  53   3  82   5  76  19  18   7   2]
 [ 19  22   0   1   0   0 360   1   0   0]
 [ 11  37  12   0   0   0   1 385   0   0]
 [ 21  70   9  33   2   1  10  12 253   0]
 [ 16  37   4  10  25   1   7 135   5 189]]
Fold - 5
[[431   0   1   2   1   1   4   1   1   0]
 [  0 458   3   0   0   1   1   1   0   0]
 [ 13  58 301   6   2   0  18  13   6   0]
 [ 21  34  11 357   4   2  10  16   5   1]
 [  4  25   3   0 343   0  21   7   3   5]
 [ 83  51   3  74  10 105  21  22   3   3]
 [ 15  24   2   1   2   1 353   0   2   0]
 [  6  32   8   2   1   0   2 372   0   0]
 [ 18  87   5  21   6   6  12   8 223   5]
 [ 18  42   1   7  31   0   5 117   7 188]]
Fold - 6
[[395   0   4   2   1   0   9   2   1   0]
 [  0 435   3   2   1   0   0   3   0   0]
 [ 10  43 335   6   4   0  11  16   5   0]
 [ 11  24  17 354   1   3  10  13   7   6]
 [  6  22   2   1 314   0  23  16   1   8]
 [ 79  46   4  85  10 108  19  17   9   3]
 [ 22  26   1   1   2   0 360   0   3   0]
 [  3  25   4   5   2   0   2 414   0   0]
 [ 15  63  12  40   4   0  11   6 256   2]
 [ 10  36   3  16  26   2   6 128   2 185]]
Fold - 7
[[398   0   3   0   0   0   9   1   0   0]
 [  0 452   2   1   0   1   2   0   0   1]
 [ 26  50 305   3   4   0   9  12   4   0]
 [ 23  27  15 318   1   2   7  15   1   2]
 [  9  25   5   2 346   0  15   8   2   8]
 [113  51   5  65   9  86  26  16   7   4]
 [ 25  22   4   0   2   2 363   2   0   0]
 [ 14  37   4   0   3   0   1 388   0   0]
 [ 19  94  18  23   1   5   8   9 231   6]
 [ 25  40   3   9  39   1   6 100   7 193]]
Fold - 8
[[400   0   0   2   0   0   9   0   0   0]
 [  0 454   2   0   1   0   1   1   0   0]
 [ 19  45 326   3   1   0  12  15   4   0]
 [ 10  40  16 338   0   1   7  18   4   1]
 [  5  28   3   2 300   0  17  10   0   8]
 [118  67   3  68   5  82  22  18   3   2]
 [ 36  16   1   0   1   1 341   0   0   0]
 [ 13  23   4   0   3   0   1 402   0   2]
 [ 28  99   7  30   2   1   8   9 242   7]
 [ 16  37   3   6  18   1   5 119   5 222]]
Fold - 9
[[383   0   2   2   0   0  10   0   0   0]
 [  0 490   0   0   0   0   0   2   0   0]
 [ 15  30 334   5   6   0  14   3   1   1]
 [ 16  23  30 342   0   1   6  12   1   3]
 [  4  23   2   4 304   0  27   5   1   3]
 [106  66   3  79  11  84  28  11   4   1]
 [ 18  11   1   1   0   0 387   0   0   0]
 [  8  29   9   4   2   0   0 411   0   0]
 [ 18  95  10  23   8   3   7  13 226   2]
 [ 18  35   4   8  32   3   9 141   1 165]]
Fold - 10
[[440   0   3   1   1   0   4   3   3   0]
 [  0 451   3   0   0   1   1   0   2   0]
 [ 25  41 291   5   4   0   9  12   4   1]
 [ 16  26  17 366   1   1   9   9   1   2]
 [  9  28   4   1 364   0  21   6   3   2]
 [ 94  62   1  61  10  87  19  12   5   3]
 [ 26  17   1   1   1   0 366   0   1   0]
 [  6  21   4   1   0   0   0 387   1   1]
 [ 23  88   5  26   4   2  10   5 233   1]
 [ 27  32   2  10  33   1   4 147   0 168]]
