Fold - 1
[[409   0   0   3   0   0  10   2   1   0]
 [  0 453   2   0   0   0   3   0   2   0]
 [ 23  61 332   2   3   0  16  10   5   2]
 [ 18  28  12 308   0   3   5   6   4   2]
 [  6  21   1   2 332   0  33   5   2   7]
 [112  65   5  67   2  99  20  18   7   3]
 [ 24  13   1   1   1   0 393   3   0   0]
 [ 10  29   5   1   1   0   3 376   0   2]
 [ 20  66   9  36   4   4   9  10 242   4]
 [ 15  32   4   9  23   2   9 131   0 176]]
Fold - 2
[[388   1   5   1   0   0  10   1   2   0]
 [  1 460   1   3   0   0   1   0   0   0]
 [ 22  42 318   7   7   0  15  15   2   1]
 [ 26  29  13 359   1   2   9  10   4   4]
 [  7  20   3   0 347   0  18   3   2   6]
 [107  56   1  58   5  98  18   8   3   4]
 [ 20  21   2   0   1   1 358   0   0   0]
 [  8  38   9   2   3   0   1 381   1   1]
 [ 20  74   5  32   6   6   9   4 235   0]
 [ 14  36   2   9  45   2   4 125   2 199]]
Fold - 3
[[392   0   2   3   0   0   3   0   1   0]
 [  0 487   2   0   0   0   2   0   0   0]
 [ 22  43 300   5   8   0  16  10   5   0]
 [ 19  32  13 344   0   0  11   6   5   0]
 [  6  30   3   1 329   0  22   9   0   4]
 [118  64   4  83   6  87  22  11   6   1]
 [ 30  21   1   1   1   2 377   0   0   0]
 [  9  50   7   1   1   0   0 357   0   2]
 [ 31  65   7  33   4   2  15  11 235   5]
 [ 22  37   4  10  31   0   3  84   2 202]]
Fold - 4
[[347   0   3   4   0   0   9   2   3   0]
 [  0 488   1   0   0   1   1   0   0   0]
 [ 20  41 306   2   4   0   9  15   1   1]
 [ 18  24  17 360   0   1   6  10   5   2]
 [  6  36   3   1 352   1  22  16   3   5]
 [118  54   2  80   5  68  14  17   7   0]
 [ 22  23   0   1   0   0 356   1   0   0]
 [ 12  36  11   0   0   0   1 386   0   0]
 [ 24  71   9  37   2   1   9  12 246   0]
 [ 18  37   4  10  31   1   4 141   5 178]]
Fold - 5
[[434   0   1   0   1   1   2   1   2   0]
 [  0 459   4   0   0   1   0   0   0   0]
 [ 15  61 300   4   1   0  16  14   6   0]
 [ 25  43  11 340   3   2  10  19   7   1]
 [  6  28   3   0 335   0  23   8   4   4]
 [127  58   2  51   7  84  20  19   3   4]
 [ 19  25   3   1   2   1 347   0   2   0]
 [  8  34   7   2   1   0   1 370   0   0]
 [ 22  91   4  17   4   1  11  10 226   5]
 [ 21  44   1   7  28   1   6 138   6 164]]
Fold - 6
[[400   1   1   1   1   0   9   0   1   0]
 [  0 435   3   2   1   0   0   3   0   0]
 [ 18  49 330   4   4   0  10  11   4   0]
 [ 21  36  18 331   2   4  12  10   8   4]
 [  8  24   2   1 319   0  23  11   1   4]
 [116  52   5  53  10 105  20   9   9   1]
 [ 31  25   0   1   2   0 355   0   1   0]
 [  6  33   3   3   3   0   2 403   0   2]
 [ 20  75  15  25   5   0  12   5 250   2]
 [ 18  45   2  15  39   2   5 106   4 178]]
Fold - 7
[[398   0   3   0   0   0   9   1   0   0]
 [  0 452   2   1   0   1   2   0   0   1]
 [ 26  48 303   3   4   0  12  14   3   0]
 [ 23  26  15 321   0   2   6  15   0   3]
 [  9  25   5   2 342   0  14  14   2   7]
 [117  52   4  75  13  66  22  22   7   4]
 [ 26  23   1   0   1   2 364   3   0   0]
 [ 14  34   4   0   3   0   0 392   0   0]
 [ 20  96  16  30   2   3   8  12 223   4]
 [ 25  37   3   9  39   1   4 128   6 171]]
Fold - 8
[[399   0   0   3   0   0   9   0   0   0]
 [  0 455   1   0   1   0   2   0   0   0]
 [ 21  54 317   4   1   0  13  12   3   0]
 [  9  40  14 344   0   1   7  16   4   0]
 [  5  32   3   3 296   0  18   7   1   8]
 [114  70   2  75   5  82  20  16   1   3]
 [ 36  18   1   0   0   1 340   0   0   0]
 [ 15  30   4   0   3   0   1 393   0   2]
 [ 27 106   6  34   4   1   7   9 234   5]
 [ 18  40   4   9  28   1   6 117   6 203]]
Fold - 9
[[386   0   1   2   0   0   8   0   0   0]
 [  0 490   0   0   0   0   0   2   0   0]
 [ 23  39 311   4   7   0  17   3   4   1]
 [ 19  26  20 347   0   1   6  10   1   4]
 [  6  23   0   5 312   0  19   2   3   3]
 [114  71   1  78  11  82  22   9   3   2]
 [ 25  12   0   2   0   0 379   0   0   0]
 [  9  32   6   4   2   0   0 410   0   0]
 [ 20  99   8  28   7   3   6  14 218   2]
 [ 19  36   1   9  37   2   3 119   1 189]]
Fold - 10
[[439   2   2   0   1   0   7   2   2   0]
 [  0 453   2   0   0   1   1   0   1   0]
 [ 18  51 283   5   2   0  13  14   5   1]
 [ 12  40  17 355   0   1  11   9   2   1]
 [  7  35   2   1 356   0  25   7   3   2]
 [ 67  79   1  67   7  83  29  13   4   4]
 [ 21  17   1   1   1   0 371   0   1   0]
 [  5  25   4   1   0   0   0 385   0   1]
 [ 19 104   5  25   3   1  13   5 222   0]
 [ 22  40   4  10  28   0   4 153   0 163]]
