Fold - 1
[[405   0   0   3   0   0  13   2   2   0]
 [  0 450   3   0   0   1   3   1   2   0]
 [ 15  43 355   3   6   0  16   9   6   1]
 [ 11  21  12 319   0   5   5   6   5   2]
 [  3  11   2   0 356   0  20   4   3  10]
 [ 59  49   5  68   3 171  18  11  10   4]
 [ 19   9   3   0   3   3 397   2   0   0]
 [  6  26   6   0   2   0   4 381   0   2]
 [ 14  39   7  33   7   5   7  10 277   5]
 [ 11  14   5  10  27   4   3  95   1 231]]
Fold - 2
[[386   1   5   0   1   0  12   1   2   0]
 [  0 458   2   3   0   0   1   1   1   0]
 [ 16  28 329   6   9   0  15  20   2   4]
 [ 18  19  11 368   1   6  10  13   6   5]
 [  5  13   4   0 357   0  13   2   2  10]
 [ 51  37   1  59   8 154  21  13   7   7]
 [ 14  13   1   0   1   5 366   2   1   0]
 [  5  24   7   2   5   0   1 398   0   2]
 [  8  47   5  31   4   5   9   4 274   4]
 [  8  22   1   8  39   2   2 102   2 252]]
Fold - 3
[[388   0   2   2   0   0   6   1   1   1]
 [  0 486   2   0   0   1   2   0   0   0]
 [ 13  31 312   4  10   0  17  15   6   1]
 [ 16  22  12 354   0   4  10   7   5   0]
 [  3  16   3   1 344   1  22   3   2   9]
 [ 55  36   4  74   7 176  23  12  13   2]
 [ 19  13   1   0   2   6 391   1   0   0]
 [  7  37   8   1   1   0   0 371   0   2]
 [ 20  38   6  25   4   7  15  12 276   5]
 [ 16  24   3   4  21   1   1  64   4 257]]
Fold - 4
[[342   0   2   4   0   2  11   3   4   0]
 [  0 486   1   1   0   0   2   0   0   1]
 [ 12  36 313   2   7   0   9  17   2   1]
 [ 10  19  12 375   1   1   5  10   8   2]
 [  1  19   4   0 381   1  17  10   4   8]
 [ 53  38   2  76   9 152  18  12   4   1]
 [ 16  18   2   1   0   0 364   1   1   0]
 [ 11  30  11   0   1   0   0 392   1   0]
 [ 14  54   5  32   4   1   8  10 280   3]
 [ 12  26   3   8  33   1   5  95   4 242]]
Fold - 5
[[428   1   0   1   1   1   5   1   3   1]
 [  0 456   4   0   0   2   1   1   0   0]
 [ 12  48 311   5   4   0  15  16   6   0]
 [ 15  23  10 373   4   4   9  14   7   2]
 [  4  20   3   0 349   1  15   6   4   9]
 [ 46  40   4  62   9 169  20  19   2   4]
 [ 14  18   2   1   2   1 360   0   2   0]
 [  6  27   7   2   2   0   2 376   1   0]
 [ 13  68   5  21   5   9   9   7 247   7]
 [ 15  28   1   8  20   3   3  78   3 257]]
Fold - 6
[[396   0   1   2   1   2  11   0   1   0]
 [  0 434   3   2   1   0   0   3   1   0]
 [ 11  38 337   6   6   0  11  16   5   0]
 [  9  17  16 357   3   5  10  13   9   7]
 [  6  14   2   1 332   0  20   8   1   9]
 [ 59  28   3  61  17 172  18  12   8   2]
 [ 20  16   1   1   2   1 372   0   2   0]
 [  3  23   4   3   3   0   2 415   0   2]
 [ 11  43   9  34   5   5  11   4 283   4]
 [  9  28   2  14  33   2   5  91   3 227]]
Fold - 7
[[396   0   2   1   0   1  11   0   0   0]
 [  0 451   2   1   0   1   3   0   0   1]
 [ 21  36 315   2   4   0  15  13   7   0]
 [ 15  13  13 336   0   2   8  16   6   2]
 [  6  10   4   2 360   0  18   5   2  13]
 [ 65  26   3  63  12 152  29  17  11   4]
 [ 20  14   3   0   2   2 377   2   0   0]
 [ 13  25   4   1   4   0   2 396   0   2]
 [ 10  61  13  26   2   7   8   8 272   7]
 [ 18  21   4   9  38   2   4  69   9 249]]
Fold - 8
[[395   0   0   4   0   0  12   0   0   0]
 [  0 452   3   0   1   1   2   0   0   0]
 [ 12  37 335   3   4   0  13  16   5   0]
 [  5  22  17 358   0   3   7  17   3   3]
 [  4  17   4   1 318   0  14   3   2  10]
 [ 52  48   3  61   9 172  21  12   5   5]
 [ 33  10   1   0   2   3 346   1   0   0]
 [  8  20   4   0   7   0   1 405   0   3]
 [ 12  65   5  30   3   8   5   6 288  11]
 [ 11  20   6   7  25   2   4  87   5 265]]
Fold - 9
[[383   0   0   2   0   0  10   0   2   0]
 [  0 490   0   0   0   0   0   2   0   0]
 [ 11  26 332   6   8   0  17   3   5   1]
 [ 12  14  24 355   0   4   6  12   2   5]
 [  0  16   0   0 321   0  18   1   2  15]
 [ 54  42   1  78  11 160  24  15   5   3]
 [ 17   9   2   1   0   1 388   0   0   0]
 [  6  24   7   4   5   0   0 416   0   1]
 [ 15  66  10  25   8   4   7  10 256   4]
 [ 10  18   2   9  22   3   4  96   2 250]]
Fold - 10
[[437   0   3   0   1   2   8   1   3   0]
 [  0 451   3   0   0   1   1   0   2   0]
 [ 13  30 307   5   5   0  12  11   8   1]
 [ 11  20  18 374   1   1  10   8   3   2]
 [  6  18   4   1 366   0  24   3   5  11]
 [ 45  46   0  56   7 143  30  10  12   5]
 [ 17  13   2   0   1   2 377   0   1   0]
 [  4  19   4   1   0   0   0 391   1   1]
 [ 10  69   5  18   6   4   9   5 269   2]
 [ 18  21   5   8  19   2   4  98   0 249]]
