Fold - 1
[[407   0   0   2   0   1  10   2   2   1]
 [  0 451   2   0   0   1   3   1   2   0]
 [ 19  47 348   3   3   0  17   9   6   2]
 [ 14  22  11 314   0   7   4   5   6   3]
 [  3  14   3   1 348   0  20   3   7  10]
 [ 67  49   4  62   2 170  17  12  11   4]
 [ 22   9   2   0   2   3 395   2   1   0]
 [  6  25   5   1   2   0   3 382   1   2]
 [ 14  39   7  35   4   5   6   9 280   5]
 [ 12  14   5  10  22   5   4  91   2 236]]
Fold - 2
[[386   1   4   0   1   0  11   3   2   0]
 [  0 460   1   3   0   0   1   1   0   0]
 [ 19  34 321   7   8   0  14  19   2   5]
 [ 19  23  11 363   0   6  10  14   5   6]
 [  5  14   4   0 357   0  14   2   2   8]
 [ 57  41   2  58   6 148  21  12   6   7]
 [ 15  17   1   0   1   3 363   2   1   0]
 [  5  32   7   1   5   0   0 392   0   2]
 [  8  54   5  30   5   5   9   4 268   3]
 [  8  24   1   7  35   2   2 110   2 247]]
Fold - 3
[[391   0   0   2   0   0   6   1   1   0]
 [  0 485   3   0   0   1   2   0   0   0]
 [ 14  27 312   5  11   0  18  16   6   0]
 [ 16  18  12 358   0   4  10   7   5   0]
 [  3  16   3   1 346   1  22   3   2   7]
 [ 57  36   5  76   7 167  20  17  16   1]
 [ 20  12   2   0   1   6 391   1   0   0]
 [  6  33   8   1   1   0   0 376   0   2]
 [ 19  33   5  27   5   7  13  12 282   5]
 [ 13  21   4   5  24   1   1  75   3 248]]
Fold - 4
[[343   0   2   4   0   2  10   3   4   0]
 [  0 484   2   1   0   1   2   0   0   1]
 [ 12  35 315   2   7   0   9  17   1   1]
 [ 11  19  16 368   1   1   6  12   7   2]
 [  2  20   4   0 384   1  16  10   3   5]
 [ 49  36   2  74  13 151  19  13   7   1]
 [ 15  15   2   1   2   0 366   1   1   0]
 [ 11  30  13   0   1   0   0 391   0   0]
 [ 15  54   6  32   4   1   7  10 279   3]
 [ 12  27   4   8  31   1   3  91   3 249]]
Fold - 5
[[431   0   0   1   1   1   3   1   3   1]
 [  0 456   4   0   0   2   1   1   0   0]
 [ 12  48 313   5   3   0  15  16   5   0]
 [ 19  23  10 365   3   5   9  16   7   4]
 [  4  19   3   0 345   1  16   7   4  12]
 [ 53  39   4  58  10 164  20  19   3   5]
 [ 18  20   1   1   2   1 355   0   2   0]
 [  6  26   7   2   1   0   2 378   1   0]
 [ 13  67   6  18   4  10   9   7 250   7]
 [ 15  26   1   7  19   1   3  80   4 260]]
Fold - 6
[[396   0   1   2   1   2  11   0   1   0]
 [  0 434   3   2   1   0   0   3   1   0]
 [ 10  38 339   7   6   0  11  14   5   0]
 [  9  19  17 357   1   5  10  13   8   7]
 [  6  15   2   1 329   0  21   8   1  10]
 [ 58  29   3  70  14 164  18  10  11   3]
 [ 19  16   1   1   1   3 372   0   2   0]
 [  3  24   4   3   3   0   2 413   0   3]
 [ 11  45   8  37   4   4  11   4 280   5]
 [  8  29   2  14  29   1   6  83   3 239]]
Fold - 7
[[397   0   2   1   0   1  10   0   0   0]
 [  0 452   2   1   0   1   2   0   0   1]
 [ 20  39 313   2   4   0  15  15   5   0]
 [ 15  13  10 338   0   2   8  16   6   3]
 [  6  11   4   2 359   0  18   6   1  13]
 [ 61  27   3  56  11 167  28  18   7   4]
 [ 18  15   2   0   2   2 379   2   0   0]
 [ 13  25   4   1   4   0   2 398   0   0]
 [ 10  65  13  27   2   7   9   8 266   7]
 [ 18  21   3  11  31   2   5  87   7 238]]
Fold - 8
[[395   0   0   4   1   0  11   0   0   0]
 [  0 451   3   0   1   1   1   1   1   0]
 [ 13  35 335   3   4   0  13  17   5   0]
 [  6  20  16 356   0   3   7  19   6   2]
 [  5  17   3   0 318   0  13   3   3  11]
 [ 57  48   2  60   9 172  21  10   6   3]
 [ 32  10   1   0   2   3 347   1   0   0]
 [ 10  20   4   0   6   0   1 404   0   3]
 [ 12  61   5  26   3  10   5   7 295   9]
 [ 11  19   6   7  28   2   4  95   7 253]]
Fold - 9
[[383   0   0   2   0   0  10   0   2   0]
 [  0 489   1   0   0   0   0   2   0   0]
 [ 11  26 331   5  10   0  17   3   5   1]
 [ 12  15  25 352   0   4   6  12   3   5]
 [  1  16   0   0 328   0  13   2   2  11]
 [ 64  43   1  68  11 160  24  14   6   2]
 [ 19  10   2   0   0   1 386   0   0   0]
 [  6  24   5   3   5   0   0 418   0   2]
 [ 15  62   9  24   8   4   6  11 262   4]
 [ 11  20   3   9  25   3   2 104   2 237]]
Fold - 10
[[436   0   2   0   1   3   9   1   3   0]
 [  0 451   3   0   0   1   1   0   2   0]
 [ 11  33 304   6   6   0   9  13   9   1]
 [ 11  21  18 370   1   3  10   8   4   2]
 [  5  19   5   1 371   0  22   3   5   7]
 [ 49  48   0  56   9 137  28  10  12   5]
 [ 18  14   1   0   1   2 376   0   1   0]
 [  4  19   4   1   0   0   0 391   1   1]
 [ 10  69   5  17   6   3   8   4 273   2]
 [ 17  21   5   7  25   2   4 105   1 237]]
