Fold - 1
[[408   0   0   3   0   0  11   2   1   0]
 [  0 452   2   0   0   0   3   1   2   0]
 [ 23  56 336   3   3   0  17  10   5   1]
 [ 14  24  11 318   0   2   5   7   4   1]
 [  5  19   2   3 328   0  35   5   3   9]
 [ 99  64   6  79   2  96  19  21   9   3]
 [ 26  12   1   1   0   1 392   3   0   0]
 [ 10  26   5   1   2   0   3 378   0   2]
 [ 19  61   7  38   3   3   7  10 251   5]
 [ 15  24   4   9  20   3   9 126   1 190]]
Fold - 2
[[387   1   4   1   0   0  11   3   1   0]
 [  0 460   1   3   0   0   1   1   0   0]
 [ 20  43 316   6   8   0  15  19   2   0]
 [ 23  26  11 358   1   4  11  15   4   4]
 [  6  18   3   0 352   0  19   5   1   2]
 [ 87  54   1  59   7 105  21  15   4   5]
 [ 15  18   2   0   1   1 364   2   0   0]
 [  6  34   6   1   4   0   1 392   0   0]
 [ 16  72   6  35   6   6  10   5 235   0]
 [  9  31   2   8  58   3   4 169   1 153]]
Fold - 3
[[390   0   1   2   0   0   6   1   1   0]
 [  0 486   2   0   0   0   3   0   0   0]
 [ 16  44 302   2   8   0  18  15   4   0]
 [ 17  32  11 346   1   0  11   7   5   0]
 [  5  32   3   1 318   0  27  14   0   4]
 [ 88  65   4  79   5 110  24  17   9   1]
 [ 20  21   1   1   0   3 387   0   0   0]
 [  8  48   7   1   2   0   0 361   0   0]
 [ 24  60   9  27   2   0  16  16 250   4]
 [ 19  37   3   9  26   0   7 117   3 174]]
Fold - 4
[[344   0   2   6   0   0  10   3   3   0]
 [  0 488   1   0   0   1   1   0   0   0]
 [ 17  43 306   2   4   0  10  16   0   1]
 [ 19  26  17 355   1   0   7  11   5   2]
 [  6  38   4   1 354   1  23  13   2   3]
 [ 97  54   1  80   5  89  19  16   4   0]
 [ 19  23   0   1   0   0 359   1   0   0]
 [ 11  39  11   0   0   0   1 384   0   0]
 [ 24  86   8  39   3   2   9  12 227   1]
 [ 17  40   2  10  31   1   7 139   5 177]]
Fold - 5
[[431   0   1   2   1   1   4   1   1   0]
 [  0 455   5   0   0   1   2   1   0   0]
 [ 13  53 305   6   2   0  16  16   6   0]
 [ 23  31  11 360   3   2   9  15   6   1]
 [  5  23   2   0 342   0  20   8   4   7]
 [ 95  52   2  70  12  94  22  21   3   4]
 [ 18  22   1   1   2   1 352   0   3   0]
 [  7  29   7   2   1   0   3 373   1   0]
 [ 18  81   4  21   6   4  13  10 228   6]
 [ 18  39   1   8  27   0   6 112   7 198]]
Fold - 6
[[400   1   1   1   1   0   9   0   1   0]
 [  0 436   3   1   1   0   0   3   0   0]
 [ 13  51 328   5   7   0  10  13   3   0]
 [ 12  40  17 340   2   4  11  10   5   5]
 [  8  25   2   1 319   0  23  10   0   5]
 [104  54   2  59   9 115  21   9   5   2]
 [ 22  33   0   1   2   0 356   0   1   0]
 [  4  34   2   3   3   0   2 405   0   2]
 [ 19  95  12  33   6   3  10   5 223   3]
 [ 13  48   2  14  31   2   3 106   2 193]]
Fold - 7
[[397   0   2   1   0   0  10   1   0   0]
 [  0 452   2   1   0   1   2   0   0   1]
 [ 25  49 302   2   3   0  14  14   4   0]
 [ 24  22  14 320   0   2   7  18   1   3]
 [  8  24   5   2 331   0  21  15   1  13]
 [115  48   3  69   5  82  28  22   7   3]
 [ 25  21   3   0   1   2 365   3   0   0]
 [ 14  34   4   0   3   0   1 391   0   0]
 [ 17  90  16  23   1   5   9  13 234   6]
 [ 27  36   3   8  21   1   6 114   3 204]]
Fold - 8
[[397   0   0   3   0   0  11   0   0   0]
 [  0 455   1   0   0   0   3   0   0   0]
 [ 19  48 315   3   1   0  20  14   5   0]
 [  9  38  13 345   0   0   8  18   4   0]
 [  5  27   3   3 301   0  18   6   2   8]
 [108  67   2  72   5  91  24  15   3   1]
 [ 36  15   1   0   1   1 342   0   0   0]
 [ 14  24   4   0   3   0   1 400   0   2]
 [ 23  91   4  35   4   1  11   8 252   4]
 [ 14  37   4   9  37   1   8 126   8 188]]
Fold - 9
[[384   0   0   2   0   0   9   0   2   0]
 [  0 490   0   0   0   0   0   2   0   0]
 [ 22  37 316   4   7   0  15   3   4   1]
 [ 18  25  21 347   0   1   6  11   2   3]
 [  5  25   1   5 301   0  25   5   3   3]
 [108  67   1  81   8  87  26  11   4   0]
 [ 20  12   0   2   0   0 384   0   0   0]
 [  8  31   6   4   2   0   0 412   0   0]
 [ 20  95   8  24   5   2   6  12 231   2]
 [ 19  40   1   8  27   3   8 142   5 163]]
Fold - 10
[[440   0   2   0   0   0   8   3   2   0]
 [  0 452   3   0   0   1   1   0   1   0]
 [ 24  44 283   4   3   0  13  13   7   1]
 [ 16  33  16 356   0   1  12   9   3   2]
 [ 10  32   2   1 350   0  30   7   4   2]
 [ 97  74   0  59   6  67  30  11   6   4]
 [ 26  17   1   0   1   0 368   0   0   0]
 [  6  21   4   1   0   0   0 387   1   1]
 [ 22  95   2  20   4   1  17   6 229   1]
 [ 27  36   2   7  23   0   5 147   0 177]]
