Fold - 1
[[420   0   1   0   0   0   2   0   1   1]
 [  0 453   1   0   1   0   3   1   1   0]
 [  1   1 440   1   2   0   1   6   2   0]
 [  1   0   6 368   0   4   1   1   4   1]
 [  0   0   0   0 399   0   2   0   0   8]
 [  0   0   1   7   0 385   2   0   2   1]
 [  1   0   0   0   3   1 431   0   0   0]
 [  1   1   1   2   5   0   0 411   1   5]
 [  2   0   1   6   5   3   1   0 382   4]
 [  5   3   0   5   9   3   0   2   2 372]]
Fold - 2
[[398   0   0   0   2   1   3   0   4   0]
 [  0 456   5   2   1   0   1   0   0   1]
 [  3   3 411   2   3   1   1   3   0   2]
 [  0   0   6 433   0   7   2   1   4   4]
 [  0   0   0   0 400   0   1   0   1   4]
 [  4   1   1   2   0 343   3   1   2   1]
 [  1   0   0   0   1   4 396   0   1   0]
 [  0   2   9   1   4   0   0 422   0   6]
 [  1   2   1   4   0   2   1   0 374   6]
 [  2   0   0   2   9   1   1   3   4 416]]
Fold - 3
[[398   0   0   1   0   0   0   0   2   0]
 [  0 487   1   1   0   0   1   0   0   1]
 [  0   0 395   4   1   0   2   5   1   1]
 [  0   0   4 412   0   4   0   5   3   2]
 [  0   1   0   1 394   0   3   1   0   4]
 [  3   0   1  10   1 378   1   0   5   3]
 [  3   0   0   0   0   6 423   0   1   0]
 [  0   3   4   1   3   0   0 411   1   4]
 [  0   0   2   5   2   4   2   1 385   7]
 [  1   1   0   3   5   1   0   5   5 374]]
Fold - 4
[[365   0   0   0   0   1   0   0   2   0]
 [  0 484   2   0   2   0   0   1   1   1]
 [  4   0 378   3   5   0   1   4   3   1]
 [  1   0   8 425   0   5   0   0   2   2]
 [  0   2   1   0 430   0   1   3   1   7]
 [  1   0   0   7   1 341   2   1   8   4]
 [  1   0   2   0   1   0 399   0   0   0]
 [  1   3   6   0   2   0   0 425   1   8]
 [  0   2   0   4   2   2   0   0 401   0]
 [  2   1   1   7   6   1   0   0   1 410]]
Fold - 5
[[435   0   1   0   0   2   1   0   2   1]
 [  0 457   3   2   1   0   0   1   0   0]
 [  0   5 400   2   2   0   3   3   2   0]
 [  2   1   9 433   0  10   0   1   4   1]
 [  0   0   1   0 399   0   3   0   3   5]
 [  0   1   0   5   0 363   2   0   1   3]
 [  2   1   0   0   0   2 393   0   2   0]
 [  2   3   8   0   0   0   0 407   0   3]
 [  0   0   2   8   0   3   3   1 370   4]
 [  1   0   1   5   4   0   1   3   7 394]]
Fold - 6
[[405   0   1   0   3   1   3   0   1   0]
 [  0 433   4   1   0   1   0   3   2   0]
 [  0   0 415   5   1   0   1   5   2   1]
 [  0   2  10 408   1   8   1   5   7   4]
 [  2   0   1   0 382   0   3   1   0   4]
 [  0   0   0   5   0 367   4   0   2   2]
 [  1   0   0   0   0   6 406   0   2   0]
 [  1   0   1   1   4   0   0 442   0   6]
 [  0   2   4   3   5   3   1   0 386   5]
 [  1   0   0   6   7   3   0   1   5 391]]
Fold - 7
[[405   0   0   1   0   0   1   0   2   2]
 [  0 451   3   2   1   0   1   1   0   0]
 [  1   1 404   0   1   0   1   2   3   0]
 [  0   0   4 392   0   4   0   5   4   2]
 [  1   0   1   0 405   0   1   0   0  12]
 [  3   0   1   6   0 363   4   2   3   0]
 [  4   2   0   0   1   3 408   0   2   0]
 [  0   3   5   0   2   1   0 427   0   9]
 [  0   3   2   8   3   1   2   2 388   5]
 [  3   0   0   7   6   1   0   5   4 397]]
Fold - 8
[[408   0   0   0   0   0   0   0   3   0]
 [  0 455   1   1   0   1   0   0   0   1]
 [  1   0 411   4   1   1   0   2   5   0]
 [  0   0   4 419   0   1   1   4   4   2]
 [  0   1   1   0 365   0   1   0   2   3]
 [  2   0   0   4   1 377   1   1   0   2]
 [  2   0   2   0   0   1 388   0   3   0]
 [  1   0   5   0   2   0   0 431   1   8]
 [  0   1   2   7   0   8   0   0 407   8]
 [  1   1   0   6   4   1   0   7   1 411]]
Fold - 9
[[393   0   0   0   0   0   2   0   2   0]
 [  0 488   1   1   1   0   0   0   1   0]
 [  2   0 397   1   2   1   2   1   2   1]
 [  1   1   9 411   0   3   0   3   4   2]
 [  0   1   0   0 360   0   3   0   2   7]
 [  1   0   0   9   1 380   1   0   1   0]
 [  2   2   0   0   1   1 412   0   0   0]
 [  0   2   3   1   1   0   0 452   1   3]
 [  1   2   0   1   2   6   1   0 389   3]
 [  3   2   0   3   3   3   0   3   1 398]]
Fold - 10
[[447   0   0   0   0   1   4   0   3   0]
 [  0 454   0   1   0   1   0   0   2   0]
 [  5   0 374   2   0   0   1   3   6   1]
 [  0   0   7 426   0   5   2   1   5   2]
 [  1   1   3   0 420   0   3   0   3   7]
 [  1   0   0   3   1 339   3   0   4   3]
 [  1   0   0   0   1   1 410   0   0   0]
 [  0   1   4   1   0   1   0 406   3   5]
 [  0   6   2   2   2   0   3   1 378   3]
 [  3   2   2   5   7   0   1   7   3 394]]
