Fold - 1
[[419   0   1   0   0   0   3   0   1   1]
 [  0 450   2   1   1   0   3   1   2   0]
 [  1   2 440   1   2   0   0   5   3   0]
 [  0   0   6 367   0   6   1   1   4   1]
 [  1   0   1   0 398   0   1   0   0   8]
 [  1   0   1   6   0 385   3   0   0   2]
 [  1   0   0   0   2   1 430   0   2   0]
 [  0   1   2   2   5   0   0 411   3   3]
 [  1   0   1   7   4   4   1   0 381   5]
 [  4   2   1   7   5   3   1   2   1 375]]
Fold - 2
[[397   0   0   1   2   1   2   0   5   0]
 [  0 457   4   2   1   0   1   0   0   1]
 [  2   3 410   2   2   0   1   4   3   2]
 [  0   0   6 436   0   6   0   2   3   4]
 [  0   1   0   0 398   0   1   0   0   6]
 [  4   1   1   2   0 342   3   0   3   2]
 [  1   0   0   0   1   4 397   0   0   0]
 [  0   1   8   2   2   0   0 423   0   8]
 [  2   2   0   4   0   1   1   0 378   3]
 [  2   0   1   3   7   2   1   3   3 416]]
Fold - 3
[[398   0   0   1   0   0   0   0   2   0]
 [  0 486   2   1   0   0   0   1   0   1]
 [  1   0 393   3   2   0   3   5   1   1]
 [  0   0   4 416   0   2   2   5   1   0]
 [  0   2   1   0 391   0   2   1   0   7]
 [  3   0   1   6   1 384   1   0   3   3]
 [  2   0   0   0   0   7 423   0   1   0]
 [  0   3   7   1   2   0   0 406   2   6]
 [  0   1   2   5   2   5   2   1 384   6]
 [  1   1   0   1   3   3   0   6   4 376]]
Fold - 4
[[364   0   0   0   0   1   1   0   2   0]
 [  0 483   3   0   2   0   0   1   1   1]
 [  3   0 379   1   5   0   2   4   4   1]
 [  1   0   9 423   0   4   0   0   4   2]
 [  0   2   1   0 431   0   1   3   2   5]
 [  1   0   0   6   1 346   2   0   5   4]
 [  2   0   1   0   1   0 398   0   1   0]
 [  1   6   6   0   1   0   0 426   0   6]
 [  0   2   0   6   1   2   2   0 397   1]
 [  1   0   1   6   6   1   0   0   2 412]]
Fold - 5
[[438   0   0   0   0   1   1   0   1   1]
 [  0 456   4   2   1   0   0   1   0   0]
 [  0   5 403   2   2   0   2   3   0   0]
 [  3   1   6 438   0   5   0   1   6   1]
 [  0   0   1   0 402   0   3   0   1   4]
 [  0   0   0   6   0 359   6   1   1   2]
 [  4   1   0   0   0   3 390   0   2   0]
 [  1   2   8   0   0   0   0 405   1   6]
 [  1   0   2   8   2   3   3   0 370   2]
 [  1   0   1   5   4   0   1   3   4 397]]
Fold - 6
[[403   0   1   0   3   1   4   1   1   0]
 [  0 436   3   0   1   1   0   3   0   0]
 [  0   0 414   8   1   0   0   3   4   0]
 [  1   1   6 412   1   7   0   8   7   3]
 [  3   0   1   0 379   0   1   1   0   8]
 [  1   0   0   5   0 369   3   0   1   1]
 [  1   0   0   0   0   6 406   0   2   0]
 [  1   0   1   0   4   0   0 441   0   8]
 [  1   2   4   2   5   4   1   0 386   4]
 [  2   1   0   7   8   3   0   2   3 388]]
Fold - 7
[[408   0   1   0   0   1   0   0   1   0]
 [  0 451   3   2   1   1   0   1   0   0]
 [  1   2 402   1   1   0   1   3   2   0]
 [  1   0   5 392   0   2   0   5   5   1]
 [  1   0   1   0 406   0   1   1   0  10]
 [  2   0   1   6   0 365   5   1   2   0]
 [  3   2   0   0   0   2 411   0   2   0]
 [  0   3   4   0   4   0   0 428   0   8]
 [  0   3   1   4   2   2   2   2 392   6]
 [  3   1   0   8   5   1   0   3   3 399]]
Fold - 8
[[410   0   0   0   0   0   0   0   1   0]
 [  0 455   2   1   0   0   0   0   0   1]
 [  2   0 411   3   1   0   1   2   5   0]
 [  0   1   7 416   0   2   1   3   3   2]
 [  0   1   0   0 367   0   1   0   1   3]
 [  2   0   0   3   1 378   0   1   1   2]
 [  2   0   1   0   0   2 388   0   3   0]
 [  0   0   6   0   3   0   0 432   1   6]
 [  1   1   3   7   0   6   1   0 408   6]
 [  0   1   1   6   6   1   0   6   2 409]]
Fold - 9
[[391   0   0   0   0   0   3   0   3   0]
 [  0 486   2   2   1   0   0   0   1   0]
 [  2   0 399   1   4   0   1   1   0   1]
 [  1   1  11 408   0   4   0   3   4   2]
 [  0   1   0   0 361   0   2   0   2   7]
 [  0   0   1   7   1 379   1   0   2   2]
 [  2   2   0   0   1   2 411   0   0   0]
 [  0   2   2   0   0   0   0 453   2   4]
 [  2   3   0   2   2   1   2   0 388   5]
 [  3   2   0   8   3   1   0   2   2 395]]
Fold - 10
[[447   0   1   0   0   1   3   0   3   0]
 [  0 452   0   1   0   2   0   1   2   0]
 [  4   0 375   2   0   0   1   2   7   1]
 [  0   0   6 424   0   7   1   2   5   3]
 [  1   1   2   0 423   0   2   0   2   7]
 [  1   1   0   2   0 337   3   0   5   5]
 [  0   0   0   0   2   2 409   0   0   0]
 [  0   0   5   0   1   1   0 407   3   4]
 [  0   7   0   1   1   1   2   1 380   4]
 [  2   2   2   5   9   1   0   7   4 392]]
