Fold - 1
[[420   0   0   0   1   0   2   0   2   0]
 [  0 452   2   0   1   0   3   1   1   0]
 [  0   1 441   1   2   1   1   4   3   0]
 [  1   0   8 364   0   5   1   1   4   2]
 [  0   0   1   0 400   0   1   0   0   7]
 [  0   1   0   8   0 385   3   0   0   1]
 [  0   0   0   0   2   2 431   0   1   0]
 [  0   1   2   2   3   0   0 414   1   4]
 [  1   0   1   4   3   4   1   0 385   5]
 [  5   2   0   4   7   2   1   2   2 376]]
Fold - 2
[[396   0   0   0   2   0   4   0   6   0]
 [  0 457   4   2   1   0   1   0   0   1]
 [  3   3 410   1   3   0   1   2   4   2]
 [  0   0   5 433   0   8   1   2   4   4]
 [  0   0   0   0 399   0   2   0   0   5]
 [  5   1   1   2   0 340   3   0   4   2]
 [  2   0   0   0   1   3 396   0   1   0]
 [  1   1  10   0   4   0   0 420   0   8]
 [  2   2   2   2   0   2   1   0 375   5]
 [  2   0   2   4   9   0   1   3   3 414]]
Fold - 3
[[399   0   0   0   0   0   0   0   2   0]
 [  0 487   2   1   0   0   0   0   0   1]
 [  0   0 394   3   2   0   2   6   2   0]
 [  0   0   2 415   0   2   1   6   2   2]
 [  1   1   0   0 390   0   4   1   0   7]
 [  3   0   0   6   1 382   1   1   4   4]
 [  3   0   0   0   0   7 422   0   1   0]
 [  0   5   7   1   3   0   0 403   1   7]
 [  1   1   3   6   3   3   1   0 386   4]
 [  1   1   1   1   5   2   0   5   3 376]]
Fold - 4
[[365   0   0   0   0   1   0   0   2   0]
 [  0 486   3   0   1   0   0   0   1   0]
 [  3   0 381   0   5   0   0   5   4   1]
 [  1   0   8 422   0   7   0   1   3   1]
 [  0   2   1   0 433   0   1   3   1   4]
 [  2   0   0   5   1 345   3   1   4   4]
 [  1   0   1   0   1   1 397   0   2   0]
 [  2   3   5   0   1   0   0 430   1   4]
 [  0   2   2   4   2   5   0   1 395   0]
 [  2   1   1   7   7   1   0   0   2 408]]
Fold - 5
[[436   0   1   0   0   2   1   0   2   0]
 [  0 456   4   2   1   0   0   1   0   0]
 [  0   2 402   3   2   0   3   3   2   0]
 [  2   1   6 434   0   7   1   1   7   2]
 [  0   0   1   0 399   0   3   0   2   6]
 [  0   1   0   5   0 360   6   0   0   3]
 [  2   1   0   0   0   1 394   0   2   0]
 [  1   2   9   0   0   0   0 405   0   6]
 [  1   1   2   5   1   5   3   0 370   3]
 [  3   0   0   3   6   0   1   3   7 393]]
Fold - 6
[[404   0   1   0   3   1   4   0   1   0]
 [  0 436   3   0   1   0   0   3   1   0]
 [  0   1 412   5   2   1   0   6   2   1]
 [  1   2   6 408   2  10   1   7   6   3]
 [  3   0   2   0 380   0   1   2   0   5]
 [  1   0   0   7   0 368   2   0   1   1]
 [  1   0   0   0   0   5 407   0   2   0]
 [  1   0   1   1   5   0   0 439   0   8]
 [  2   2   4   4   4   4   1   0 384   4]
 [  2   2   0  10   7   0   0   3   1 389]]
Fold - 7
[[407   0   1   0   0   0   2   0   0   1]
 [  0 452   3   2   1   0   0   1   0   0]
 [  0   3 405   0   1   0   1   2   1   0]
 [  1   0   3 392   0   4   0   6   3   2]
 [  1   0   2   0 404   0   1   1   2   9]
 [  2   0   1   3   1 366   5   1   2   1]
 [  6   2   0   0   1   3 406   0   2   0]
 [  1   3   4   0   0   0   0 429   1   9]
 [  0   2   3   4   3   1   4   3 390   4]
 [  3   0   0   9   1   1   0   4   5 400]]
Fold - 8
[[408   0   0   0   0   0   0   0   3   0]
 [  0 454   1   2   0   1   0   0   0   1]
 [  2   0 412   3   1   0   0   4   3   0]
 [  0   1   7 413   1   1   0   4   5   3]
 [  0   1   0   0 362   0   2   0   2   6]
 [  1   0   0   2   1 380   0   1   1   2]
 [  2   0   2   0   0   3 387   0   2   0]
 [  0   0   5   0   2   0   0 434   1   6]
 [  1   1   2   7   1   5   2   0 406   8]
 [  0   1   1   6   4   3   1   6   3 407]]
Fold - 9
[[391   0   0   0   0   0   3   0   3   0]
 [  0 487   2   1   1   0   0   1   0   0]
 [  1   0 397   2   2   1   1   2   2   1]
 [  2   0  11 409   0   4   0   2   5   1]
 [  0   1   0   0 359   0   3   0   2   8]
 [  1   0   1   8   1 378   1   0   2   1]
 [  2   2   0   0   1   1 412   0   0   0]
 [  0   2   2   1   0   0   0 451   2   5]
 [  1   2   0   1   2   1   1   0 394   3]
 [  3   2   0   7   2   2   0   3   1 396]]
Fold - 10
[[447   0   1   0   0   1   3   0   3   0]
 [  0 452   0   2   1   1   0   0   2   0]
 [  6   0 375   2   0   0   0   3   5   1]
 [  0   1   5 426   0   5   1   1   7   2]
 [  1   1   1   0 425   0   2   0   1   7]
 [  1   0   0   3   0 338   3   0   5   4]
 [  1   0   0   0   1   0 411   0   0   0]
 [  0   1   5   0   2   1   0 408   1   3]
 [  0   5   2   2   1   1   2   1 380   3]
 [  1   2   5   5   8   1   0   6   3 393]]
