Fold - 1
[[421   0   0   0   0   0   3   0   0   1]
 [  0 450   2   1   1   0   3   1   2   0]
 [  2   4 436   1   3   1   0   5   2   0]
 [  0   0   5 369   0   5   1   1   4   1]
 [  1   0   0   0 397   0   2   1   0   8]
 [  1   1   1   6   0 386   2   0   0   1]
 [  2   0   0   0   2   1 429   0   2   0]
 [  0   1   2   1   5   0   0 410   3   5]
 [  2   0   1   8   2   3   0   0 384   4]
 [  4   1   1   5  10   3   0   2   2 373]]
Fold - 2
[[396   0   0   0   1   1   4   0   6   0]
 [  0 457   3   2   1   0   2   0   0   1]
 [  2   3 412   2   2   0   0   3   2   3]
 [  0   0   7 434   0   7   0   2   3   4]
 [  0   0   0   0 395   0   1   0   0  10]
 [  4   0   1   5   0 339   4   0   4   1]
 [  2   0   0   0   1   4 395   0   1   0]
 [  1   1   9   0   3   0   0 423   0   7]
 [  1   2   0   6   0   2   3   0 372   5]
 [  2   0   1   3   9   1   1   3   3 415]]
Fold - 3
[[399   0   0   1   0   0   0   0   1   0]
 [  0 488   1   1   0   0   1   0   0   0]
 [  1   0 397   0   1   0   3   5   1   1]
 [  0   0   7 412   0   4   0   3   3   1]
 [  1   1   0   0 392   0   4   1   1   4]
 [  3   0   0   4   1 385   2   1   4   2]
 [  5   0   0   0   0   9 418   0   1   0]
 [  0   4   5   0   3   0   0 407   3   5]
 [  0   1   2   5   3   2   3   1 387   4]
 [  1   2   0   2   4   2   0   5   2 377]]
Fold - 4
[[365   0   0   0   0   1   0   0   2   0]
 [  0 483   2   1   2   0   0   1   1   1]
 [  3   0 380   1   6   0   1   4   3   1]
 [  0   0   8 424   0   5   1   0   4   1]
 [  0   2   1   0 429   0   1   3   1   8]
 [  3   0   0   6   2 346   2   0   3   3]
 [  1   0   1   0   1   1 398   0   1   0]
 [  1   4   6   0   1   0   0 429   1   4]
 [  0   2   0   6   2   2   1   0 396   2]
 [  0   1   1   8   8   1   0   0   2 408]]
Fold - 5
[[435   0   1   1   0   1   1   0   2   1]
 [  0 456   3   1   0   1   0   1   2   0]
 [  0   4 404   0   2   0   4   1   2   0]
 [  2   0   7 438   0   7   0   1   5   1]
 [  0   0   0   0 404   0   2   0   1   4]
 [  0   1   0   7   0 357   5   2   1   2]
 [  2   1   0   0   0   4 391   0   2   0]
 [  2   2   9   1   1   0   0 404   0   4]
 [  1   1   3   5   2   2   5   0 367   5]
 [  2   0   2   4   5   0   1   3   5 394]]
Fold - 6
[[404   0   1   0   3   2   3   0   1   0]
 [  0 435   2   1   1   0   0   3   2   0]
 [  0   1 413   5   2   1   1   4   3   0]
 [  1   0   8 413   2   7   1   5   6   3]
 [  3   0   1   1 376   0   2   1   1   8]
 [  1   0   0   7   0 367   3   0   1   1]
 [  1   0   0   0   0   5 407   0   2   0]
 [  1   0   1   1   4   1   0 440   0   7]
 [  1   3   4   3   3   3   0   1 388   3]
 [  3   0   0   7   8   1   0   4   4 387]]
Fold - 7
[[408   0   1   0   0   0   0   0   2   0]
 [  0 449   3   2   2   1   1   1   0   0]
 [  2   2 400   0   1   1   2   3   2   0]
 [  0   0   2 392   0   4   0   6   6   1]
 [  1   0   2   0 405   0   1   1   0  10]
 [  2   0   0   5   1 362   5   1   4   2]
 [  3   2   0   0   3   2 408   0   2   0]
 [  1   3   4   0   1   0   0 429   0   9]
 [  0   2   3   7   3   1   1   3 389   5]
 [  3   0   0   9   6   1   0   5   5 394]]
Fold - 8
[[410   0   0   0   0   0   0   0   1   0]
 [  0 455   1   1   0   1   0   0   0   1]
 [  1   0 410   4   1   1   0   5   3   0]
 [  0   1   7 413   0   1   2   4   4   3]
 [  1   1   0   0 361   0   0   0   2   8]
 [  2   0   0   4   2 375   1   0   1   3]
 [  4   0   0   0   0   3 388   0   1   0]
 [  0   0   6   0   2   0   0 435   1   4]
 [  0   1   4   7   0   5   1   0 410   5]
 [  0   1   3   5   6   1   0   9   1 406]]
Fold - 9
[[390   0   0   0   0   0   4   0   2   1]
 [  0 488   1   1   1   1   0   0   0   0]
 [  2   0 396   2   2   1   2   1   1   2]
 [  2   0  11 408   0   5   0   3   3   2]
 [  0   1   0   0 359   0   2   0   3   8]
 [  3   0   1  11   2 373   1   0   1   1]
 [  3   3   0   0   0   0 412   0   0   0]
 [  0   2   2   0   0   0   0 453   1   5]
 [  1   2   0   0   2   6   0   0 391   3]
 [  3   2   0   8   2   1   0   2   4 394]]
Fold - 10
[[448   0   1   0   0   1   2   0   3   0]
 [  0 453   0   2   0   2   0   0   1   0]
 [  5   0 375   3   0   0   1   2   6   0]
 [  1   1   7 421   1   5   1   2   7   2]
 [  3   1   0   0 423   0   3   0   0   8]
 [  2   0   0   6   0 337   3   0   4   2]
 [  2   0   0   0   2   1 408   0   0   0]
 [  0   0   5   1   1   0   0 405   2   7]
 [  0   8   3   2   1   1   2   1 375   4]
 [  2   2   3   5  10   1   1   7   4 389]]
