Fold - 1
[[420   0   0   0   0   0   3   0   1   1]
 [  0 450   3   0   1   2   2   1   1   0]
 [  1   2 440   1   2   0   0   5   3   0]
 [  1   1   8 364   0   5   1   1   4   1]
 [  0   0   0   0 401   0   1   0   0   7]
 [  0   1   1   6   0 384   2   1   1   2]
 [  1   0   0   0   2   1 429   0   3   0]
 [  0   1   2   2   5   0   0 413   1   3]
 [  1   1   1   5   3   4   2   0 382   5]
 [  4   2   0   5   8   2   1   2   3 374]]
Fold - 2
[[398   0   0   0   1   1   4   0   4   0]
 [  0 458   3   2   1   0   1   0   0   1]
 [  3   3 412   2   3   0   1   2   2   1]
 [  0   0   6 436   0   7   1   1   3   3]
 [  0   0   0   0 397   0   1   0   0   8]
 [  4   1   1   2   0 342   3   0   4   1]
 [  1   0   0   0   1   3 397   0   1   0]
 [  0   1   8   1   3   0   0 424   0   7]
 [  1   2   2   4   0   2   1   0 375   4]
 [  2   0   1   3   7   2   1   5   3 414]]
Fold - 3
[[399   0   0   1   0   0   0   0   1   0]
 [  0 487   2   1   0   0   0   1   0   0]
 [  1   0 396   3   1   0   3   5   0   0]
 [  0   0   4 410   0   4   1   6   3   2]
 [  0   1   0   1 394   0   2   1   1   4]
 [  3   0   0   7   1 384   2   0   4   1]
 [  2   0   0   0   0   5 425   0   1   0]
 [  0   4   5   0   2   0   0 408   1   7]
 [  1   1   2   1   2   4   3   0 386   8]
 [  1   1   0   1   3   2   0   5   3 379]]
Fold - 4
[[365   0   0   0   0   1   0   0   2   0]
 [  0 485   2   0   1   0   0   1   1   1]
 [  4   0 381   1   5   0   0   5   2   1]
 [  1   0   9 418   0   6   0   0   8   1]
 [  0   1   1   0 430   0   1   3   1   8]
 [  2   0   1   7   1 340   4   1   5   4]
 [  1   0   1   0   1   1 398   0   1   0]
 [  1   4   7   0   1   0   0 429   0   4]
 [  0   2   1   2   2   2   0   0 400   2]
 [  1   1   1   8   5   0   0   1   1 411]]
Fold - 5
[[436   0   2   0   0   1   1   0   2   0]
 [  0 457   4   1   0   1   0   1   0   0]
 [  0   4 400   3   2   0   2   3   3   0]
 [  2   1   6 439   0   4   0   2   6   1]
 [  0   0   1   0 402   0   2   0   1   5]
 [  0   0   0   7   0 363   2   0   1   2]
 [  1   1   0   0   0   2 394   0   2   0]
 [  2   2   8   0   0   0   0 406   0   5]
 [  1   0   2   7   2   3   5   0 367   4]
 [  2   0   1   6   7   0   1   3   5 391]]
Fold - 6
[[403   0   1   0   3   1   4   1   1   0]
 [  0 437   3   0   1   0   0   3   0   0]
 [  0   0 416   7   1   0   0   4   2   0]
 [  1   1   7 415   1   5   1   6   5   4]
 [  3   0   1   0 380   0   2   1   0   6]
 [  0   0   0   7   0 366   3   0   2   2]
 [  2   0   0   0   0   5 407   0   1   0]
 [  1   0   1   0   4   0   0 440   0   9]
 [  2   2   4   2   4   3   0   1 386   5]
 [  2   1   0  10   7   0   0   1   2 391]]
Fold - 7
[[407   0   1   0   0   0   0   1   1   1]
 [  0 449   3   3   2   0   1   1   0   0]
 [  3   2 401   0   1   0   0   3   3   0]
 [  1   0   3 391   0   5   0   6   3   2]
 [  1   0   1   0 406   0   1   0   0  11]
 [  3   0   1   3   0 365   6   1   3   0]
 [  4   2   1   0   1   3 408   0   1   0]
 [  0   3   5   0   0   1   0 431   0   7]
 [  0   2   2   4   2   1   1   2 393   7]
 [  2   0   0   8   6   1   0   4   4 398]]
Fold - 8
[[409   0   0   0   0   0   0   0   2   0]
 [  0 455   2   1   0   0   0   0   0   1]
 [  2   0 413   3   1   1   0   2   3   0]
 [  0   1   8 415   0   1   1   3   4   2]
 [  0   1   0   0 361   0   2   0   2   7]
 [  2   0   0   3   2 377   0   1   1   2]
 [  3   0   1   0   0   2 387   0   3   0]
 [  0   0   5   0   2   0   0 433   1   7]
 [  1   1   4   7   1   4   1   0 409   5]
 [  0   1   1   5   4   2   0   6   3 410]]
Fold - 9
[[392   0   0   0   0   0   3   0   2   0]
 [  0 487   2   2   1   0   0   0   0   0]
 [  2   0 397   2   2   1   1   1   3   0]
 [  1   1   5 414   0   4   0   4   3   2]
 [  0   1   0   0 361   0   2   0   2   7]
 [  1   0   1   9   1 374   1   0   3   3]
 [  4   2   0   0   0   1 411   0   0   0]
 [  1   2   2   1   0   0   0 451   2   4]
 [  1   3   0   1   3   4   2   0 388   3]
 [  3   2   0   7   2   0   0   3   2 397]]
Fold - 10
[[447   0   0   0   0   1   4   0   3   0]
 [  0 453   0   2   0   1   1   0   1   0]
 [  5   0 376   4   0   1   1   1   4   0]
 [  0   0   8 420   1   6   1   2   7   3]
 [  1   1   3   0 423   0   2   0   2   6]
 [  1   0   0   5   0 336   3   0   5   4]
 [  0   0   0   0   2   2 409   0   0   0]
 [  0   0   4   0   0   0   0 410   2   5]
 [  0   6   2   1   2   0   3   1 378   4]
 [  3   2   4   5   7   0   0   5   4 394]]
